100 1000 8
22 18 20
60 91 17
80 24 6
29 86 4
99 93 7
37 72 10
14 60 14
42 46 1
41 51 3
7 18 17
26 89 17
69 6 10
94 43 19
32 6 14
48 57 19
94 46 11
55 60 3
81 55 9
61 48 12
15 56 2
91 34 12
79 55 10
48 1 13
98 86 11
63 34 1
21 80 7
51 35 8
93 16 15
33 29 3
25 44 11
38 87 17
89 67 13
50 15 14
54 66 20
65 29 6
37 51 6
3 2 14
82 48 10
16 81 12
51 58 8
41 97 16
18 38 15
2 41 2
35 95 8
55 12 18
60 49 9
98 53 3
71 87 3
12 4 17
83 7 15
51 48 4
58 18 15
32 20 16
73 8 3
81 15 16
70 75 17
10 25 2
4 96 10
47 9 6
23 92 13
9 95 13
93 53 4
19 85 4
86 11 4
48 44 19
75 14 15
52 24 12
33 28 9
2 27 18
79 50 2
11 60 18
96 5 11
99 76 9
74 62 20
58 62 16
56 38 10
82 90 6
34 75 6
82 30 14
91 9 16
92 21 8
41 69 5
44 68 1
32 42 15
83 0 18
78 9 16
39 91 18
24 25 5
41 59 15
86 2 5
82 95 18
41 88 7
26 98 5
20 53 8
73 70 6
82 77 17
73 26 1
51 50 15
62 5 1
65 21 15
12 10 17
0 68 15
33 94 13
49 66 18
97 39 8
74 21 17
91 47 3
83 50 14
17 12 11
90 29 4
44 41 6
92 42 14
46 27 20
51 76 6
8 25 6
88 52 7
44 95 6
79 30 16
64 0 1
54 90 10
69 34 4
94 79 6
87 25 5
78 28 13
83 89 19
80 77 3
99 73 10
64 4 20
32 68 20
12 74 2
73 43 9
76 37 8
73 76 5
97 54 14
50 90 3
80 70 12
62 69 17
43 86 2
2 18 10
14 82 5
15 55 20
3 32 18
70 5 6
80 40 6
22 54 18
44 45 12
66 13 15
52 34 17
22 76 11
4 40 19
59 99 2
43 48 13
1 74 20
56 6 12
13 80 6
50 24 3
1 90 16
47 42 11
43 16 19
6 20 19
36 32 10
17 27 11
21 28 5
92 84 3
3 49 3
68 99 7
30 52 18
58 99 12
20 95 9
58 53 1
36 89 13
17 6 13
47 80 1
3 72 18
65 76 7
7 96 19
26 27 11
35 37 3
38 57 18
58 15 11
99 3 20
23 72 18
75 20 18
8 23 11
25 41 19
43 0 15
13 78 14
36 13 11
58 52 8
27 10 15
49 61 10
60 85 3
77 12 3
27 20 18
49 97 11
47 93 12
41 6 2
67 42 16
77 52 20
97 79 2
31 80 16
21 40 1
35 70 5
69 97 18
26 46 7
29 45 20
32 38 19
13 5 1
8 83 6
59 32 17
21 15 18
96 88 10
19 84 13
68 81 12
66 28 1
11 19 13
50 17 6
55 10 7
90 55 6
22 83 19
38 40 7
26 90 7
2 61 12
94 30 5
65 96 5
65 8 5
49 10 14
95 17 4
53 8 11
70 82 15
9 20 7
47 99 9
94 1 11
77 47 13
41 13 9
86 30 9
2 80 11
35 27 9
56 33 11
90 19 12
11 98 20
62 66 14
15 48 3
62 60 4
75 21 2
58 41 16
38 72 4
17 20 7
97 28 20
99 18 12
63 81 10
22 95 8
56 9 6
68 84 13
41 98 11
83 13 1
7 68 18
79 54 7
7 74 7
77 65 10
11 6 4
6 13 11
69 21 12
94 90 16
46 83 14
57 66 20
9 25 8
27 4 3
93 63 9
11 41 6
92 4 12
47 10 17
29 31 19
20 25 1
48 24 4
73 33 3
64 42 8
72 69 13
86 15 16
26 78 9
83 23 13
94 70 16
22 0 19
20 72 17
60 20 1
36 46 14
78 10 8
97 34 10
69 20 5
57 98 3
37 81 18
22 27 9
69 50 9
47 22 1
3 83 14
35 19 12
48 49 2
8 46 9
37 68 1
33 77 20
7 14 1
5 88 9
73 57 19
93 57 1
95 98 17
66 61 17
67 35 17
14 43 14
82 23 7
11 2 15
25 63 20
66 3 13
23 41 6
80 53 3
93 1 2
41 19 15
89 87 10
46 1 13
39 35 17
18 46 19
52 23 14
43 89 17
7 65 10
12 97 16
6 90 9
47 31 8
54 21 15
43 67 8
76 58 15
84 76 13
94 80 17
68 23 18
96 30 3
18 94 1
42 21 1
26 20 15
47 55 19
66 94 7
76 69 11
53 41 5
85 89 5
9 79 2
91 33 20
86 85 5
87 28 18
39 54 18
94 53 5
44 71 12
70 47 1
32 52 14
36 38 16
61 47 15
34 38 8
25 76 6
9 15 14
18 55 20
47 1 13
32 45 4
63 67 11
15 99 4
60 87 2
95 0 1
61 34 11
61 11 8
46 72 3
11 90 18
30 38 11
2 70 8
97 85 15
39 52 6
34 12 14
67 8 6
47 69 13
18 30 4
17 28 17
79 39 7
49 69 5
19 23 7
87 20 4
73 12 16
11 46 9
36 14 9
77 73 12
60 97 9
40 45 1
29 49 9
0 25 7
42 13 10
77 24 17
77 60 3
85 73 4
15 47 8
27 96 8
67 41 8
47 24 9
49 32 10
74 91 9
71 33 14
33 62 10
41 40 2
47 98 1
94 65 20
42 85 8
83 32 15
59 13 4
44 42 10
35 62 14
20 48 7
82 9 8
22 31 3
0 78 1
92 24 19
12 18 4
99 1 8
85 12 1
21 56 3
30 91 18
15 63 18
33 46 7
40 20 10
14 20 20
35 65 16
93 96 9
46 3 14
59 76 15
15 90 18
59 67 13
22 44 7
20 83 19
41 52 14
13 4 9
78 79 14
7 73 10
84 49 11
60 83 7
51 52 6
70 85 20
67 3 1
93 54 15
6 10 15
37 90 8
44 15 9
32 86 6
81 17 18
16 63 1
83 6 12
2 9 4
4 70 17
10 57 16
21 3 5
63 31 9
78 91 1
64 88 14
33 98 11
96 58 12
68 93 18
6 23 20
76 72 11
85 27 12
89 71 15
72 11 5
15 84 1
4 37 15
2 59 11
12 50 12
6 47 12
1 5 7
1 34 19
63 19 18
94 8 9
40 32 13
16 48 17
56 4 6
30 6 6
53 70 16
44 76 16
7 30 1
45 83 15
56 46 7
93 92 7
54 32 20
26 0 20
34 56 4
69 84 13
39 92 9
11 92 2
58 48 20
24 42 12
2 48 16
61 74 16
72 60 12
50 56 17
94 48 1
82 16 12
29 66 3
74 99 1
22 78 17
16 1 20
64 56 13
90 63 6
2 26 1
94 29 10
70 23 18
42 58 6
13 39 12
47 13 3
40 88 13
13 27 14
21 60 4
84 17 19
10 9 13
39 58 15
63 55 17
73 20 2
12 3 1
78 85 1
89 74 3
16 47 4
28 63 8
45 81 11
55 93 10
65 27 5
73 55 18
93 48 11
49 88 1
86 21 19
36 10 13
50 26 1
34 7 4
53 52 17
83 59 10
5 25 9
89 50 4
47 43 4
69 44 12
69 31 5
87 19 15
13 71 16
61 24 3
96 36 4
1 13 4
91 63 7
90 58 2
11 3 6
80 86 10
19 57 5
50 78 10
74 34 2
52 47 18
93 10 6
6 66 9
69 32 11
80 66 2
83 51 14
44 78 17
42 98 6
89 56 13
85 1 15
82 8 1
70 29 6
52 9 12
17 34 3
60 4 1
59 58 1
67 2 6
68 56 8
28 29 10
10 34 2
26 16 12
96 33 6
10 81 9
70 37 2
3 87 1
52 67 5
11 48 14
40 58 20
21 29 9
99 45 20
95 31 17
5 64 18
76 53 19
31 92 11
45 20 10
12 24 9
76 89 17
50 16 9
49 13 20
45 96 17
2 60 6
30 65 4
14 58 14
59 30 15
71 54 15
60 42 4
49 19 10
30 21 6
10 70 12
70 67 8
26 22 1
43 52 6
86 66 16
91 77 6
57 1 13
51 61 15
25 84 5
46 61 16
69 52 18
36 92 16
10 92 19
63 9 17
81 85 8
11 42 17
64 54 8
77 9 15
39 86 19
36 33 12
43 2 17
20 90 9
27 1 1
25 64 10
61 97 7
40 60 10
76 24 4
63 1 5
77 93 12
27 29 17
91 24 19
68 15 4
69 67 9
85 28 2
35 75 2
95 64 18
20 59 13
73 16 3
66 59 2
47 35 13
71 65 12
67 33 19
42 55 6
90 40 15
51 75 2
4 71 18
33 43 9
36 0 16
95 1 15
82 46 19
47 97 18
20 36 14
62 28 20
66 4 1
70 27 10
4 22 19
25 22 8
33 70 13
83 47 14
99 67 2
4 82 10
5 36 19
84 6 15
6 96 17
49 70 3
74 44 11
38 49 4
8 1 7
8 86 18
27 7 3
9 8 7
14 76 3
20 2 2
16 59 11
39 53 17
75 32 8
83 85 6
91 71 4
19 30 18
28 91 16
89 14 12
10 16 13
78 27 3
69 81 20
53 16 15
37 63 10
23 61 14
44 77 14
24 68 9
62 77 18
28 88 20
95 27 10
66 32 7
12 22 2
42 45 3
10 63 13
63 87 13
69 13 11
79 23 3
56 70 3
17 37 7
43 49 9
37 43 6
91 10 10
2 73 2
17 13 15
61 15 16
74 97 18
18 29 13
21 85 4
55 54 1
21 98 10
10 87 14
95 78 16
76 80 10
30 98 15
76 11 2
91 85 11
69 55 20
83 91 17
5 41 7
67 28 12
14 6 7
27 73 18
33 49 1
54 40 18
25 61 13
24 35 2
61 31 5
9 45 19
29 91 20
67 34 19
47 7 8
80 56 8
35 48 5
12 62 18
36 97 11
49 80 15
24 98 11
59 95 4
79 81 14
26 88 14
40 93 6
37 5 8
26 94 17
36 95 9
50 1 10
26 99 20
31 75 12
26 30 11
8 3 9
48 36 7
66 17 2
44 63 18
80 59 6
82 60 7
98 92 7
1 70 17
83 30 13
91 79 1
57 76 2
69 70 8
39 71 4
83 61 6
18 73 5
79 85 3
35 93 13
18 24 5
61 55 17
70 83 19
40 53 18
79 76 2
81 56 17
95 81 15
68 17 6
53 51 9
82 21 5
58 85 18
65 61 9
48 31 1
53 9 20
92 85 7
39 18 14
8 36 19
13 87 20
42 74 14
63 30 4
0 48 9
14 88 9
45 68 2
71 79 4
63 97 9
71 85 7
36 73 18
79 99 11
94 81 14
41 61 2
1 6 10
62 61 9
56 57 13
35 12 16
33 60 19
70 19 15
95 76 14
46 19 1
28 52 16
96 83 20
54 24 3
67 93 11
25 37 7
89 44 12
50 22 2
69 36 18
97 82 16
16 22 16
21 9 18
32 18 12
56 32 12
1 3 17
90 9 6
47 56 6
74 66 8
30 34 2
65 55 3
14 74 20
46 45 3
55 77 14
8 80 2
99 41 20
33 45 7
35 87 6
53 66 16
33 95 2
52 94 15
44 0 10
24 21 9
18 40 15
63 59 17
74 46 16
12 99 14
27 86 13
60 81 6
69 83 16
64 90 6
45 19 12
56 7 19
2 82 11
89 40 12
36 62 9
85 68 19
63 52 20
53 57 5
61 54 16
85 63 3
76 97 8
3 86 20
46 40 13
34 2 2
11 88 6
74 92 18
28 1 14
41 55 10
26 70 4
60 10 16
15 49 15
62 89 19
96 44 20
68 66 3
8 64 18
0 1 6
1 54 19
8 95 18
10 15 20
21 70 7
70 36 9
11 34 18
55 46 6
22 68 14
86 17 6
39 42 7
93 61 7
41 10 6
52 11 14
74 17 4
62 38 16
97 7 3
4 15 10
42 33 15
81 27 1
27 40 19
68 50 5
40 71 9
51 64 4
20 80 6
10 7 15
17 89 10
13 46 6
2 40 11
36 22 18
68 49 19
7 69 9
83 9 12
11 12 17
14 32 9
32 95 16
46 64 17
8 78 15
85 80 16
95 69 18
84 89 19
62 96 20
43 79 9
0 62 10
84 62 2
40 96 7
0 74 13
37 6 8
84 27 17
66 83 6
45 78 6
33 24 1
85 39 10
22 1 12
53 71 4
49 89 4
75 1 1
56 13 18
24 30 5
69 85 14
55 62 14
92 1 3
14 2 6
60 69 15
43 97 9
15 83 10
71 96 19
48 79 3
24 45 1
31 7 6
39 90 11
17 10 9
77 31 3
73 80 3
40 63 12
64 12 11
64 91 5
71 18 1
16 90 4
75 47 8
83 38 10
88 10 16
66 2 17
30 45 2
54 63 14
37 46 5
96 81 4
45 27 11
8 13 8
97 77 14
67 18 11
44 1 9
97 55 12
2 77 10
39 75 14
87 57 9
95 4 17
28 92 17
46 15 13
81 54 7
84 32 16
23 7 2
11 16 10
95 53 1
40 55 20
35 11 8
15 52 17
13 67 2
13 50 3
67 68 7
99 24 3
59 77 6
75 18 13
80 51 13
79 98 10
39 78 5
29 10 1
42 12 3
10 80 2
61 56 16
72 33 13
0 4 17
32 55 10
72 17 9
70 66 20
1 82 11
0 11 1
0 6 5
34 16 6
87 29 14
34 54 20
86 54 4
43 38 11
44 10 8
5 44 15
